Cow order in matrix is:
[7138, 6062, 8083, 7128, 6025, 7153, 4035, 6092, 4026, 6086, 6094, 7060, 7116, 6088, 7163, 5064, 6095, 7136, 7114, 4008, 7064, 6053, 5118, 6096, 7109, 6046, 6068, 5087, 7045, 6029]
Basic array before mergesort:
[[0], [1], [2], [3], [4], [5], [6], [7], [8], [9], [10], [11], [12], [13], [14], [15], [16], [17], [18], [19], [20], [21], [22], [23], [24], [25], [26], [27], [28], [29]]
Basic array sorted after mergesort:
[[29, 26], [23, 25, 22], [5, 18, 15, 28], [9, 11, 2, 0, 14], [16, 17], [10, 7], [24], [21], [20], [4], [8], [3, 1], [19], [13], [12], [27], [6]]
Sorted cows in ascending order is:
[[6029, 6068], [6096, 6046, 5118], [7153, 7114, 5064, 7045], [6086, 7060, 8083, 7138, 7163], [6095, 7136], [6094, 6092], [7109], [6053], [7064], [6025], [4026], [7128, 6062], [4008], [6088], [7116], [5087], [4035]]
Number of comparisons done in merge sort:
109

<Figure size 3000x1000 with 1 Axes>
Cow order in matrix is:
[7138, 6062, 8083, 7128, 6025, 7153, 4035, 6092, 4026, 6086, 6094, 7060, 7116, 6088, 7163, 5064, 6095, 7136, 7114, 4008, 7064, 6053, 5118, 6096, 7109, 6046, 6068, 5087, 7045, 6029]
Basic array before mergesort:
[[0], [1], [2], [3], [4], [5], [6], [7], [8], [9], [10], [11], [12], [13], [14], [15], [16], [17], [18], [19], [20], [21], [22], [23], [24], [25], [26], [27], [28], [29]]
Basic array sorted after mergesort:
[[20], [2, 10, 23, 14, 7, 11, 22, 15, 25, 18, 0], [5, 28], [26, 29], [9], [1, 17, 16], [21], [4], [8, 24], [3], [19], [13], [12], [27], [6]]
Sorted cows in ascending order is:
[[7064], [8083, 6094, 6096, 7163, 6092, 7060, 5118, 5064, 6046, 7114, 7138], [7153, 7045], [6068, 6029], [6086], [6062, 7136, 6095], [6053], [6025], [4026, 7109], [7128], [4008], [6088], [7116], [5087], [4035]]
Number of comparisons done in merge sort:
106

<Figure size 3000x1000 with 1 Axes>
Cow order in matrix is:
[7138, 6062, 8083, 7128, 6025, 7153, 4035, 6092, 4026, 6086, 6094, 7060, 7116, 6088, 7163, 5064, 6095, 7136, 7114, 4008, 7064, 6053, 5118, 6096, 7109, 6046, 6068, 5087, 7045, 6029]
Basic array before mergesort:
[[0], [1], [2], [3], [4], [5], [6], [7], [8], [9], [10], [11], [12], [13], [14], [15], [16], [17], [18], [19], [20], [21], [22], [23], [24], [25], [26], [27], [28], [29]]
Basic array sorted after mergesort:
[[22, 23, 24], [25, 15, 28, 29, 18, 26], [1, 17, 16], [10, 7], [21, 11, 14], [8, 20], [2, 0], [5], [9], [4], [3], [19], [13], [12], [27], [6]]
Sorted cows in ascending order is:
[[5118, 6096, 7109], [6046, 5064, 7045, 6029, 7114, 6068], [6062, 7136, 6095], [6094, 6092], [6053, 7060, 7163], [4026, 7064], [8083, 7138], [7153], [6086], [6025], [7128], [4008], [6088], [7116], [5087], [4035]]
Number of comparisons done in merge sort:
116

<Figure size 3000x1000 with 1 Axes>
Cow order in matrix is:
[7138, 6062, 8083, 7128, 6025, 7153, 4035, 6092, 4026, 6086, 6094, 7060, 7116, 6088, 7163, 5064, 6095, 7136, 7114, 4008, 7064, 6053, 5118, 6096, 7109, 6046, 6068, 5087, 7045, 6029]
Basic array before mergesort:
[[0], [1], [2], [3], [4], [5], [6], [7], [8], [9], [10], [11], [12], [13], [14], [15], [16], [17], [18], [19], [20], [21], [22], [23], [24], [25], [26], [27], [28], [29]]
Basic array sorted after mergesort:
[[25, 20], [28, 5], [10, 7, 16, 17, 1, 15, 4], [3], [18, 26, 29], [14, 11, 9], [23, 22, 8, 24, 2, 0], [21], [19], [13], [12], [27], [6]]
Sorted cows in ascending order is:
[[6046, 7064], [7045, 7153], [6094, 6092, 6095, 7136, 6062, 5064, 6025], [7128], [7114, 6068, 6029], [7163, 7060, 6086], [6096, 5118, 4026, 7109, 8083, 7138], [6053], [4008], [6088], [7116], [5087], [4035]]
Number of comparisons done in merge sort:
109

<Figure size 3000x1000 with 1 Axes>
Cow order in matrix is:
[7138, 6062, 8083, 7128, 6025, 7153, 4035, 6092, 4026, 6086, 6094, 7060, 7116, 6088, 7163, 5064, 6095, 7136, 7114, 4008, 7064, 6053, 5118, 6096, 7109, 6046, 6068, 5087, 7045, 6029]
Basic array before mergesort:
[[0], [1], [2], [3], [4], [5], [6], [7], [8], [9], [10], [11], [12], [13], [14], [15], [16], [17], [18], [19], [20], [21], [22], [23], [24], [25], [26], [27], [28], [29]]
Basic array sorted after mergesort:
[[18, 11, 5, 7, 14, 25, 10, 28], [29, 26], [9], [16, 17, 15], [24, 23, 22], [21], [20], [4], [0, 2], [8], [3, 1], [19], [13], [12], [27], [6]]
Sorted cows in ascending order is:
[[7114, 7060, 7153, 6092, 7163, 6046, 6094, 7045], [6029, 6068], [6086], [6095, 7136, 5064], [7109, 6096, 5118], [6053], [7064], [6025], [7138, 8083], [4026], [7128, 6062], [4008], [6088], [7116], [5087], [4035]]
Number of comparisons done in merge sort:
105

<Figure size 3000x1000 with 1 Axes>
Cow order in matrix is:
[7138, 6062, 8083, 7128, 6025, 7153, 4035, 6092, 4026, 6086, 6094, 7060, 7116, 6088, 7163, 5064, 6095, 7136, 7114, 4008, 7064, 6053, 5118, 6096, 7109, 6046, 6068, 5087, 7045, 6029]
Basic array before mergesort:
[[0], [1], [2], [3], [4], [5], [6], [7], [8], [9], [10], [11], [12], [13], [14], [15], [16], [17], [18], [19], [20], [21], [22], [23], [24], [25], [26], [27], [28], [29]]
Basic array sorted after mergesort:
[[28, 15, 18], [29, 26], [22, 25, 23], [3, 17, 16, 1], [10, 11, 5, 7, 14], [24], [9], [21], [20], [4], [0, 2], [8], [19], [13], [12], [27], [6]]
Sorted cows in ascending order is:
[[7045, 5064, 7114], [6029, 6068], [5118, 6046, 6096], [7128, 7136, 6095, 6062], [6094, 7060, 7153, 6092, 7163], [7109], [6086], [6053], [7064], [6025], [7138, 8083], [4026], [4008], [6088], [7116], [5087], [4035]]
Number of comparisons done in merge sort:
111

<Figure size 3000x1000 with 1 Axes>
Cow order in matrix is:
[7138, 6062, 8083, 7128, 6025, 7153, 4035, 6092, 4026, 6086, 6094, 7060, 7116, 6088, 7163, 5064, 6095, 7136, 7114, 4008, 7064, 6053, 5118, 6096, 7109, 6046, 6068, 5087, 7045, 6029]
Basic array before mergesort:
[[0], [1], [2], [3], [4], [5], [6], [7], [8], [9], [10], [11], [12], [13], [14], [15], [16], [17], [18], [19], [20], [21], [22], [23], [24], [25], [26], [27], [28], [29]]
Basic array sorted after mergesort:
[[29, 18, 26], [22, 28, 5, 25, 23], [14, 11], [0, 2], [17, 15, 16], [10, 7], [24], [9], [1, 3], [21], [20, 8], [4], [19], [13], [12], [27], [6]]
Sorted cows in ascending order is:
[[6029, 7114, 6068], [5118, 7045, 7153, 6046, 6096], [7163, 7060], [7138, 8083], [7136, 5064, 6095], [6094, 6092], [7109], [6086], [6062, 7128], [6053], [7064, 4026], [6025], [4008], [6088], [7116], [5087], [4035]]
Number of comparisons done in merge sort:
117

<Figure size 3000x1000 with 1 Axes>
Cow order in matrix is:
[7138, 6062, 8083, 7128, 6025, 7153, 4035, 6092, 4026, 6086, 6094, 7060, 7116, 6088, 7163, 5064, 6095, 7136, 7114, 4008, 7064, 6053, 5118, 6096, 7109, 6046, 6068, 5087, 7045, 6029]
Basic array before mergesort:
[[0], [1], [2], [3], [4], [5], [6], [7], [8], [9], [10], [11], [12], [13], [14], [15], [16], [17], [18], [19], [20], [21], [22], [23], [24], [25], [26], [27], [28], [29]]
Basic array sorted after mergesort:
[[15, 18, 20, 28], [29, 26], [7, 5, 10, 14, 11], [4], [3, 2, 0], [23, 25, 22], [19], [17, 16, 1], [24, 8], [9], [21], [13], [12], [27], [6]]
Sorted cows in ascending order is:
[[5064, 7114, 7064, 7045], [6029, 6068], [6092, 7153, 6094, 7163, 7060], [6025], [7128, 8083, 7138], [6096, 6046, 5118], [4008], [7136, 6095, 6062], [7109, 4026], [6086], [6053], [6088], [7116], [5087], [4035]]
Number of comparisons done in merge sort:
114

<Figure size 3000x1000 with 1 Axes>
Cow order in matrix is:
[7138, 6062, 8083, 7128, 6025, 7153, 4035, 6092, 4026, 6086, 6094, 7060, 7116, 6088, 7163, 5064, 6095, 7136, 7114, 4008, 7064, 6053, 5118, 6096, 7109, 6046, 6068, 5087, 7045, 6029]
Basic array before mergesort:
[[0], [1], [2], [3], [4], [5], [6], [7], [8], [9], [10], [11], [12], [13], [14], [15], [16], [17], [18], [19], [20], [21], [22], [23], [24], [25], [26], [27], [28], [29]]
Basic array sorted after mergesort:
[[29, 26], [14, 11], [0, 2], [23, 25, 22], [5, 28, 15, 18], [9], [16, 17], [10, 7], [8, 24], [21], [20], [4], [3, 1], [19], [13], [12], [27], [6]]
Sorted cows in ascending order is:
[[6029, 6068], [7163, 7060], [7138, 8083], [6096, 6046, 5118], [7153, 7045, 5064, 7114], [6086], [6095, 7136], [6094, 6092], [4026, 7109], [6053], [7064], [6025], [7128, 6062], [4008], [6088], [7116], [5087], [4035]]
Number of comparisons done in merge sort:
120

<Figure size 3000x1000 with 1 Axes>
Cow order in matrix is:
[7138, 6062, 8083, 7128, 6025, 7153, 4035, 6092, 4026, 6086, 6094, 7060, 7116, 6088, 7163, 5064, 6095, 7136, 7114, 4008, 7064, 6053, 5118, 6096, 7109, 6046, 6068, 5087, 7045, 6029]
Basic array before mergesort:
[[0], [1], [2], [3], [4], [5], [6], [7], [8], [9], [10], [11], [12], [13], [14], [15], [16], [17], [18], [19], [20], [21], [22], [23], [24], [25], [26], [27], [28], [29]]
Basic array sorted after mergesort:
[[26, 29, 24, 8, 16, 21, 5, 15, 17, 28, 20, 18], [4, 3, 23, 1, 22, 25], [0, 2], [10, 11, 7, 14], [9], [19], [13], [12], [27], [6]]
Sorted cows in ascending order is:
[[6068, 6029, 7109, 4026, 6095, 6053, 7153, 5064, 7136, 7045, 7064, 7114], [6025, 7128, 6096, 6062, 5118, 6046], [7138, 8083], [6094, 7060, 6092, 7163], [6086], [4008], [6088], [7116], [5087], [4035]]
Number of comparisons done in merge sort:
92

<Figure size 3000x1000 with 1 Axes>